- model: host.Transient
  fields:
    name: 2022bov
    tns_id: 9999
    public_timestamp: 2022-02-04 07:29:02.112
    tns_prefix: AT
    ra_deg: 120.0273250
    dec_deg: 2.1707639
